100482
10076
100816
101364
101587
101692
101826
101966
101971
102071
102292
102527
102775
10287
103261
103264
103316
103451
103607
103741
104163
104418
104557
104785
105028
105160
1055
105515
105527
105931
105984
106019
106133
10619
106342
106415
106434
106753
107145
107188
107204
107354
107389
107404
107729
107965
108448
109075
109095
109718
109922
11039
110648
111480
111496
111710
111909
11240
112465
112919
113058
113418
113453
113569
113587
114137
114155
114420
114634
114678
115028
115193
115334
115480
115696
115738
115920
115981
116032
116067
116116
116313
11653
116590
116789
116916
116993
117629
117758
118098
11810
118116
118133
118347
118403
118503
118552
118674
119046
119130
119306
119517
119651
119867
120230
120943
12164
12176
122066
12875
12894
13226
13362
13365
134066
13438
13792
13818
13827
14051
141069
14145
14232
142454
14398
144339
145304
14648
14694
146991
148871
149658
15085
15236
156238
15777
15783
15878
159245
16202
1625
16456
16562
16684
168645
16946
169603
17123
172343
1727
17503
17635
1773
17753
1781
17884
179904
18188
1826
18288
18322
18346
18476
1848
18506
19134
19275
1949
19612
20392
20510
20632
20669
20944
21325
21342
21394
21761
21808
22011
22424
23055
23325
23459
2387
23936
24286
24712
24778
25581
25808
25923
26204
26441
26699
26835
26880
27293
27465
27934
28107
28612
28722
29000
29563
29639
29732
29766
303967
30399
30626
30692
31006
31847
32124
32488
32508
33446
33451
33491
33842
33933
34047
3523
35939
35940
36017
36994
37844
37991
38389
38918
40225
40484
40491
40507
42293
42806
4290
43665
43779
43840
44571
44677
45293
45487
45849
46070
46512
4670
4701
47399
47970
48295
48525
48917
49024
49180
49229
49335
49633
49729
49977
50304
50391
50555
50663
50895
51535
52026
52031
52306
52329
5241
52575
52679
52890
53480
5370
53761
53851
5408
54514
54729
55150
55505
55668
55697
55982
56071
56170
5652
56683
56770
56801
56842
56907
56951
57274
57303
57452
57597
57699
58149
58260
59374
59423
59837
60641
608
60882
60992
61195
61414
6142
61565
61722
61728
61987
62197
62246
62288
62457
63687
63892
64260
64413
64572
64599
64831
65208
65890
66076
66356
66687
67048
6716
67366
67441
67607
67631
67735
67964
68
68152
68304
69129
69773
69844
69991
70033
70224
70771
71335
71354
7172
71735
71798
72587
72719
72780
72817
73002
73109
73499
74663
7500
75030
75220
75575
75646
75819
75971
75980
76029
76310
7634
76641
76918
77032
77086
7720
77217
78433
78435
78704
78814
78824
80310
80613
80757
80866
81014
81519
81635
82165
82362
82706
82897
83043
8317
83299
8365
83705
83826
84292
84898
85109
85644
85836
86087
86278
86462
86476
86620
87072
87305
87428
87613
879
88001
88026
8861
88677
88949
8903
89623
89672
89916
90043
90089
90330
90367
90817
90828
9112
91199
9157
92451
92593
92597
92761
93013
93236
93350
93464
93474
93716
93793
94024
94375
95114
95226
95273
96360
96518
96765
97079
97083
97183
98004
98238
98514
98676
98841
99261
99278
99411
99688
99745
99913
